52123490728892.0
52123496598274.0
52121779006798.0
52123488988966.0
50587584627232.0
50586845024332.0
50587601790748.0
50586781564268.0
50594037983346.0
52123318933152.0
52121761635580.0
50586797997458.0
50593652475596.0
52121714954516.0
50586760054758.0
50586819026982.0
50587809825178.0
50587811739346.0
52121651041814.0
50586781455782.0
52122479519602.0
52121756805900.0
52121684405160.0
52121790969110.0
50587194277072.0
50593646988772.0
52123488588250.0
50587185297136.0
50586847621404.0
52121702289290.0
50587089084656.0
50586804587292.0
52121806341906.0
52121615753954.0
50586569632700.0
52121615368558.0
52121787952278.0
50586715338616.0
50587211953448.0
52121857089642.0
50593671861394.0
50586810770184.0
50587640515476.0
52122477262078.0
52123496504676.0
50586827979968.0
52122476688238.0
52123456055252.0
52121812252488.0
50587608865602.0
50587071365342.0
52123506569024.0
52121803939828.0
50586798350176.0
50587185761656.0
52123319097946.0
52121785245114.0
52123293593754.0
50593648013902.0
52123499371850.0
52121838656078.0
52123646657656.0
52121651688374.0
52121655915298.0
52121805886726.0
52122099311334.0
52121787247718.0
52121796530286.0
52121778792254.0
52121618245742.0
50587604207410.0
52123509529786.0
50587532890072.0
50587639630782.0
52121725328766.0
52123311057054.0
52123483856452.0
52119467398796.0
52121961692810.0
50586806100392.0
52123335363748.0
52122480691674.0
50586770674010.0
52121623422950.0
50586584678954.0
50587558012662.0
50593900559778.0
52123502222548.0
50586809283902.0
50587610421592.0
52121653193430.0
50586798317050.0
52121633604290.0
50586790268488.0
52121806066762.0
52123268709638.0
50587807457570.0
52123435882466.0
50593904018596.0
52122481809052.0